(10000,2003,5036,5049,5063,5078)
(10001,2004,5079,5064,5050,5037,5024,5009)
(10002,2004,5040,5055,5069,5083,5097)
(10003,105,5012,5027,5039,5053,5059,5066,5073,5072,5071,5078)
(10004,107,5032,5033,5039,5053,5067,5082,5095)
(10005,106,5059,5058,5051,5038,5025,5010)
(10006,102,5058,5051,5038,5025,5010)
(10007,106,5089,5083,5069,5055,5040,5029)
(10008,107,5034,5040,5055,5069,5083,5089,5096)
(10010,104,5092,5079,5064,5050,5043,5044,5045,5039,5027,5020,5013)
(10011,106,5037,5043,5051,5058,5066,5074,5082,5088,5096)
(10012,105,5058,5051,5038,5025,5010,5002)
(10013,102,5034,5040,5055,5061,5060,5059,5066,5073,5072,5071,5078,5091,5098)
(10014,104,5030,5036,5049,5063,5071,5072,5080,5087)
(10015,2003,5090,5077,5062,5048)
(10016,105,5036,5049,5063,5071,5072,5080,5087)
(10017,107,5068,5054,5046,5039,5033,5032,5031,5024,5016,5008)
(10018,101,5012,5027,5039,5053,5067,5075)
(10019,2006,5048,5035,5022,5007)
(10020,107,5008,5023,5036,5049,5063,5078,5091)
(10021,103,5047,5055,5069,5083,5097)
(10022,107,5014,5021,5020,5027,5039,5053,5067,5082,5088,5096)
(10023,110,5007,5022,5030,5036,5049,5063)
(10024,107,5052,5066,5081,5094)
(10025,109,5081,5073,5072,5071,5063,5049,5041,5035,5022,5007)
(10026,104,5009,5024,5037,5050)
(10027,108,5013,5020,5027,5039,5053,5067)
(10028,108,5049,5041,5035,5022,5007)
(10029,104,5033,5039,5053,5067,5082,5095)
(10030,107,5051,5038,5025,5010,5002)
(10031,101,5007,5022,5030,5036,5049,5063,5071,5072,5080,5087,5094)
(10032,102,5037,5050,5064,5071,5078,5091,5098)
(10033,102,5081,5073,5072,5071,5063,5049,5041,5035,5022,5007)
(10034,108,5086,5079,5071,5063,5049,5041,5035,5022,5015)
(10035,103,5058,5051,5038,5025,5010,5002)
(10036,104,5092,5079,5064,5050,5043,5038,5025)
(10037,104,5027,5039,5053,5059,5066,5073,5072,5071,5070,5077)
(10038,102,5010,5025,5038,5051,5065,5072,5071,5070)
(10039,102,5055,5047,5046,5039,5033,5032,5031,5024,5016,5008)
(10040,105,5103,5102,5094,5081,5073,5072,5064,5050)
(10041,103,5049,5063,5071,5072,5073,5074,5082,5088,5096)
(10042,106,5066,5058,5051,5038,5025,5010)
(10043,109,5034,5040,5055,5069,5083,5089)
(10044,108,5055,5069,5083,5097)
(10045,102,5089,5088,5082,5067,5059,5058,5051,5038)
(10046,108,5087,5081,5066,5058,5051,5038,5025,5010,5003)
(10047,107,5094,5081,5066,5052,5045,5039,5027)
(10048,107,5068,5054,5046,5039,5033,5032,5025,5010)
(10049,102,5079,5064,5050,5043,5044,5045,5039,5027,5020,5013)
(10050,110,5011,5019,5027,5039,5053,5067,5075,5076)
(10051,107,5102,5094,5081,5073,5072,5071,5063,5049)
(10052,109,5036,5049,5063,5078,5085,5092)
(10053,105,5070,5071,5064,5050,5043,5044,5045,5039,5027,5012)
(10054,107,5049,5041,5035,5022,5015,5008)
(10055,106,5019,5027,5039,5053,5067,5075)
(10056,110,5025,5032,5033,5039,5053,5067,5082)
(10057,101,5014,5021,5020,5027,5039,5053,5059,5066)
(10058,101,5091,5078,5063,5049,5041,5035)
(10059,106,5060,5059,5066,5073,5072,5071,5063,5049,5041,5035,5022,5007)
(10060,102,5076,5069,5055,5040,5029,5014)
(10061,107,5050,5042,5041,5035,5022,5007)
(10062,104,5050,5042,5041,5035,5022,5007)
(10063,102,5067,5059,5058,5051,5038,5025,5010)
(10064,110,5081,5074,5067,5060,5061,5055,5040,5029)
(10065,103,5022,5035,5048,5062,5077)
(10066,104,5063,5049,5041,5035,5022)
(10067,105,5035,5048,5062,5077,5090)
(10068,101,5045,5053,5067,5082,5088,5089,5097)
(10069,108,5065,5072,5071,5063,5049,5041,5035,5022,5007)
(10070,109,5096,5088,5082,5067,5060,5054,5046,5039)
(10071,109,5065,5051,5038,5025,5010)
(10072,106,5065,5051,5038,5025,5010,5003)
(10073,103,5088,5082,5067,5059,5058,5051,5038,5031,5024)
(10074,108,5045,5053,5067,5082,5088,5089,5097)
(10075,103,5084,5085,5079,5064,5050,5043,5038,5025,5010)
(10076,105,5065,5051,5038,5025,5010)
(10077,103,5043,5051,5058,5066,5074,5082,5095)
(10078,103,5030,5036,5049,5063,5071,5072,5073,5074,5082,5088,5096)
(10079,102,5073,5074,5067,5060,5061,5055,5040,5029,5014)
(10080,106,5077,5062,5048,5035)
(10081,110,5051,5058,5066,5081,5094)
(10082,101,5036,5049,5063,5078,5091)
(10083,105,5043,5051,5058,5066,5074,5082,5095)
(10084,102,5041,5049,5063,5078,5085,5092,5100)
(10085,102,5059,5058,5051,5038,5031,5024,5016,5008)
(10086,110,5098,5091,5085,5079,5064,5050,5043,5038,5025,5018)
(10087,103,5049,5063,5071,5072,5073,5074,5082,5088,5089,5097)
(10088,101,5039,5053,5067,5082,5088,5089)
(10089,105,5062,5048,5035,5022)
(10090,107,5037,5043,5051,5065,5080,5093)
(10091,106,5039,5053,5067,5082,5088,5089,5097)
(10092,103,5013,5020,5027,5039,5053,5059,5066,5073,5072,5071,5070)
(10093,110,5032,5033,5039,5053,5067,5082,5088,5096)
(10094,110,5041,5049,5063,5078,5085,5092)
(10095,103,5062,5048,5035,5022,5007)
(10096,103,5092,5079,5064,5050,5043,5038,5025,5010,5003)
(10097,105,5071,5064,5050,5043,5044,5045,5039,5027,5020,5013)
(10098,102,5021,5020,5027,5039,5053,5059,5066,5073,5080,5093)